row in load_array_gemm
Layer Name, M, N, K,

row in load_array_gemm
GEMM_1, 1, 5, 16,

printing entry
['GEMM_1', 1, 16, 1, 16, 1, 5, 1, 1, array([[1, 0, 1, 0, 0, 0, 1, 1, 1, 0, 1, 0, 0, 0, 1, 1],
       [1, 0, 0, 1, 0, 1, 1, 0, 1, 0, 0, 1, 0, 1, 1, 0],
       [0, 1, 1, 0, 0, 0, 1, 1, 0, 1, 1, 0, 0, 0, 1, 1],
       [1, 0, 1, 0, 0, 0, 1, 1, 1, 0, 1, 0, 0, 0, 1, 1],
       [1, 0, 0, 0, 1, 0, 0, 1, 1, 1, 0, 0, 1, 0, 0, 1]])]
topo arrays after append_topo_arrays
[['GEMM_1', 1, 16, 1, 16, 1, 5, 1, 1, array([[1, 0, 1, 0, 0, 0, 1, 1, 1, 0, 1, 0, 0, 0, 1, 1],
       [1, 0, 0, 1, 0, 1, 1, 0, 1, 0, 0, 1, 0, 1, 1, 0],
       [0, 1, 1, 0, 0, 0, 1, 1, 0, 1, 1, 0, 0, 0, 1, 1],
       [1, 0, 1, 0, 0, 0, 1, 1, 1, 0, 1, 0, 0, 0, 1, 1],
       [1, 0, 0, 0, 1, 0, 0, 1, 1, 1, 0, 0, 1, 0, 0, 1]])]]
====================================================
******************* SCALE SIM **********************
====================================================
Array Size: 	4x4
SRAM IFMAP (kB): 	4
SRAM Filter (kB): 	4
SRAM OFMAP (kB): 	4
Dataflow: 	Weight Stationary
CSV file path: 	topologies/sparsity/gemm_mix.csv
Bandwidth: 	50
Working in USE USER BANDWIDTH mode.
====================================================

Running Layer 0
row_indices
[[ 0]
 [ 1]
 [ 2]
 [ 3]
 [ 4]
 [ 5]
 [ 6]
 [ 7]
 [ 8]
 [ 9]
 [10]
 [11]
 [12]
 [13]
 [14]
 [15]]
col_indices
[0 1 2 3 4]
self.filter_addr_matrix
[[100 116 132 148 164]
 [101 117 133 149 165]
 [102 118 134 150 166]
 [103 119 135 151 167]
 [104 120 136 152 168]
 [105 121 137 153 169]
 [106 122 138 154 170]
 [107 123 139 155 171]
 [108 124 140 156 172]
 [109 125 141 157 173]
 [110 126 142 158 174]
 [111 127 143 159 175]
 [112 128 144 160 176]
 [113 129 145 161 177]
 [114 130 146 162 178]
 [115 131 147 163 179]]
SPARSITY INSIDE FILTER DEMAND MATRIX CREATION
(16, 5) (16, 5)
after reshape
(16, 5) (16, 5)
[[1 1 0 1 1]
 [0 0 1 0 0]
 [1 0 1 1 0]
 [0 1 0 0 0]
 [0 0 0 0 1]
 [0 1 0 0 0]
 [1 1 1 1 0]
 [1 0 1 1 1]
 [1 1 0 1 1]
 [0 0 1 0 1]
 [1 0 1 1 0]
 [0 1 0 0 0]
 [0 0 0 0 1]
 [0 1 0 0 0]
 [1 1 1 1 0]
 [1 0 1 1 1]]
after multiplying
[[100 116   0 148 164]
 [  0   0 133   0   0]
 [102   0 134 150   0]
 [  0 119   0   0   0]
 [  0   0   0   0 168]
 [  0 121   0   0   0]
 [106 122 138 154   0]
 [107   0 139 155 171]
 [108 124   0 156 172]
 [  0   0 141   0 173]
 [110   0 142 158   0]
 [  0 127   0   0   0]
 [  0   0   0   0 176]
 [  0 129   0   0   0]
 [114 130 146 162   0]
 [115   0 147 163 179]]
after reducing the filter array based on sparsity
[[100 102 106 107 108 110 114 115]
 [116 119 121 122 124 127 129 130]
 [133 134 138 139 141 142 146 147]
 [148 150 154 155 156 158 162 163]
 [164   0 168 171 172 173 176 179]]
Final
[[100 116 133 148 164]
 [102 119 134 150   0]
 [106 121 138 154 168]
 [107 122 139 155 171]
 [108 124 141 156 172]
 [110 127 142 158 173]
 [114 129 146 162 176]
 [115 130 147 163 179]]
INSIDE INPUT FILTER DEMAND MATRIX CREATION FUNCTION
self.batch_size in ifmap function is  1
row_indices
[0]
col_indices
[ 0  1  2  3  4  5  6  7  8  9 10 11 12 13 14 15]
i meshgrid
[[0 0 0 0 0 0 0 0 0 0 0 0 0 0 0 0]]
j meshgrid
[[ 0  1  2  3  4  5  6  7  8  9 10 11 12 13 14 15]]
self.ifmap_addr_matrix
[[ 0  1  2  3  4  5  6  7  8  9 10 11 12 13 14 15]]
2
4
0.5
self.ifmap_addr_matrix for sparsity
[[0 1 2 3 4 5 6 7]]
col_indices
[0 1 2 3 4]
self.ofmap_addr_matrix
[[200 201 202 203 204]]
these are the demand matrices
[[0 1 2 3 4 5 6 7]]
[[100 116 133 148 164]
 [102 119 134 150   0]
 [106 121 138 154 168]
 [107 122 139 155 171]
 [108 124 141 156 172]
 [110 127 142 158 173]
 [114 129 146 162 176]
 [115 130 147 163 179]]
[[200 201 202 203 204]]
layer_calc_params[0] * layer_calc_params[1] * num_filters =  1 1 5
self.num_compute = self.topo.get_layer_num_ofmap_px(self.layer_id) * self.topo.get_layer_window_size(self.layer_id)
Nofmap: Number of OFMAP pixels generated by filter
layer_calc_params[0] * layer_calc_params[1] * num_filters =  1 1 5
80 = 5 * 16
self.layer_id  0
filter matrix in create_filter_prefetch_mat
[[100 116 133 148 164]
 [102 119 134 150   0]
 [106 121 138 154 168]
 [107 122 139 155 171]
 [108 124 141 156 172]
 [110 127 142 158 173]
 [114 129 146 162 176]
 [115 130 147 163 179]]
End
Compute cycles: 44
Stall cycles: 0
Overall utilization: 11.36%
Mapping efficiency: 62.50%
Average IFMAP SRAM BW: 0.727 words/cycle
Average Filter SRAM BW: 0.909 words/cycle
Average Filter Metadata SRAM BW: 1.273 words/cycle
Average OFMAP SRAM BW: 0.227 words/cycle
Average IFMAP DRAM BW: 50.000 words/cycle
Average Filter DRAM BW: 50.000 words/cycle
Average OFMAP DRAM BW: 10.000 words/cycle
************ SCALE SIM Run Complete ****************
